909000
909001
909002
909003
909004
909005
909006
909007
909008
909009
909010
909011
909012
909013
909014
909015
909016
909017
909018
909019
909020
909021
909022
909023
909024
909025
909026
909027
909028
909029
909030
909031
909032
909033
909034
909035
909036
909037
909038
909039
909040
909041
909042
909043
909044
909045
909046
909047
909048
909049
909050
909051
909052
909053
909054
909055
909056
909057
909058
909059
909060
909061
909062
909063
909064
909065
909066
909067
909068
909069
909070
909071
909072
909073
909074
909075
909076
909077
909078
909079
909080
909081
909082
909083
909084
909085
909086
909087
909088
909089
909090
909091
909092
909093
909094
909095
909096
909097
909098
909099
909100
909101
909102
909103
909104
909105
909106
909107
909108
909109
909110
909111
909112
909113
909114
909115
909116
909117
909118
909119
909120
909121
909122
909123
909124
909125
909126
909127
909128
909129
909130
909131
909132
909133
909134
909135
909136
909137
909138
909139
909140
909141
909142
909143
909144
909145
909146
909147
909148
909149
909150
909151
909152
909153
909154
909155
909156
909157
909158
909159
909160
909161
909162
909163
909164
909165
909166
909167
909168
909169
909170
909171
909172
909173
909174
909175
909176
909177
909178
909179
909180
909181
909182
909183
909184
909185
909186
909187
909188
909189
909190
909191
909192
909193
909194
909195
909196
909197
909198
909199
909200
909201
909202
909203
909204
909205
909206
909207
909208
909209
909210
909211
909212
909213
909214
909215
909216
909217
909218
909219
909220
909221
909222
909223
909224
909225
909226
909227
909228
909229
909230
909231
909232
909233
909234
909235
909236
909237
909238
909239
909240
909241
909242
909243
909244
909245
909246
909247
909248
909249
909250
909251
909252
909253
909254
909255
909256
909257
909258
909259
909260
909261
909262
909263
909264
909265
909266
909267
909268
909269
909270
909271
909272
909273
909274
909275
909276
909277
909278
909279
909280
909281
909282
909283
909284
909285
909286
909287
909288
909289
909290
909291
909292
909293
909294
909295
909296
909297
909298
909299
909300
909301
909302
909303
909304
909305
909306
909307
909308
909309
909310
909311
909312
909313
909314
909315
909316
909317
909318
909319
909320
909321
909322
909323
909324
909325
909326
909327
909328
909329
909330
909331
909332
909333
909334
909335
909336
909337
909338
909339
909340
909341
909342
909343
909344
909345
909346
909347
909348
909349
909350
909351
909352
909353
909354
909355
909356
909357
909358
909359
909360
909361
909362
909363
909364
909365
909366
909367
909368
909369
909370
909371
909372
909373
909374
909375
909376
909377
909378
909379
909380
909381
909382
909383
909384
909385
909386
909387
909388
909389
909390
909391
909392
909393
909394
909395
909396
909397
909398
909399
909400
909401
909402
909403
909404
909405
909406
909407
909408
909409
909410
909411
909412
909413
909414
909415
909416
909417
909418
909419
909420
909421
909422
909423
909424
909425
909426
909427
909428
909429
909430
909431
909432
909433
909434
909435
909436
909437
909438
909439
909440
909441
909442
909443
909444
909445
909446
909447
909448
909449
909450
909451
909452
909453
909454
909455
909456
909457
909458
909459
909460
909461
909462
909463
909464
909465
909466
909467
909468
909469
909470
909471
909472
909473
909474
909475
909476
909477
909478
909479
909480
909481
909482
909483
909484
909485
909486
909487
909488
909489
909490
909491
909492
909493
909494
909495
909496
909497
909498
909499
909500
909501
909502
909503
909504
909505
909506
909507
909508
909509
909510
909511
909512
909513
909514
909515
909516
909517
909518
909519
909520
909521
909522
909523
909524
909525
909526
909527
909528
909529
909530
909531
909532
909533
909534
909535
909536
909537
909538
909539
909540
909541
909542
909543
909544
909545
909546
909547
909548
909549
909550
909551
909552
909553
909554
909555
909556
909557
909558
909559
909560
909561
909562
909563
909564
909565
909566
909567
909568
909569
909570
909571
909572
909573
909574
909575
909576
909577
909578
909579
909580
909581
909582
909583
909584
909585
909586
909587
909588
909589
909590
909591
909592
909593
909594
909595
909596
909597
909598
909599
909600
909601
909602
909603
909604
909605
909606
909607
909608
909609
909610
909611
909612
909613
909614
909615
909616
909617
909618
909619
909620
909621
909622
909623
909624
909625
909626
909627
909628
909629
909630
909631
909632
909633
909634
909635
909636
909637
909638
909639
909640
909641
909642
909643
909644
909645
909646
909647
909648
909649
909650
909651
909652
909653
909654
909655
909656
909657
909658
909659
909660
909661
909662
909663
909664
909665
909666
909667
909668
909669
909670
909671
909672
909673
909674
909675
909676
909677
909678
909679
909680
909681
909682
909683
909684
909685
909686
909687
909688
909689
909690
909691
909692
909693
909694
909695
909696
909697
909698
909699
909700
909701
909702
909703
909704
909705
909706
909707
909708
909709
909710
909711
909712
909713
909714
909715
909716
909717
909718
909719
909720
909721
909722
909723
909724
909725
909726
909727
909728
909729
909730
909731
909732
909733
909734
909735
909736
909737
909738
909739
909740
909741
909742
909743
909744
909745
909746
909747
909748
909749
909750
909751
909752
909753
909754
909755
909756
909757
909758
909759
909760
909761
909762
909763
909764
909765
909766
909767
909768
909769
909770
909771
909772
909773
909774
909775
909776
909777
909778
909779
909780
909781
909782
909783
909784
909785
909786
909787
909788
909789
909790
909791
909792
909793
909794
909795
909796
909797
909798
909799
909800
909801
909802
909803
909804
909805
909806
909807
909808
909809
909810
909811
909812
909813
909814
909815
909816
909817
909818
909819
909820
909821
909822
909823
909824
909825
909826
909827
909828
909829
909830
909831
909832
909833
909834
909835
909836
909837
909838
909839
909840
909841
909842
909843
909844
909845
909846
909847
909848
909849
909850
909851
909852
909853
909854
909855
909856
909857
909858
909859
909860
909861
909862
909863
909864
909865
909866
909867
909868
909869
909870
909871
909872
909873
909874
909875
909876
909877
909878
909879
909880
909881
909882
909883
909884
909885
909886
909887
909888
909889
909890
909891
909892
909893
909894
909895
909896
909897
909898
909899
909900
909901
909902
909903
909904
909905
909906
909907
909908
909909
909910
909911
909912
909913
909914
909915
909916
909917
909918
909919
909920
909921
909922
909923
909924
909925
909926
909927
909928
909929
909930
909931
909932
909933
909934
909935
909936
909937
909938
909939
909940
909941
909942
909943
909944
909945
909946
909947
909948
909949
909950
909951
909952
909953
909954
909955
909956
909957
909958
909959
909960
909961
909962
909963
909964
909965
909966
909967
909968
909969
909970
909971
909972
909973
909974
909975
909976
909977
909978
909979
909980
909981
909982
909983
909984
909985
909986
909987
909988
909989
909990
909991
909992
909993
909994
909995
909996
909997
909998
909999
910000
910001
910002
910003
910004
910005
910006
910007
910008
910009
910010
910011
910012
910013
910014
910015
910016
910017
910018
910019
910020
910021
910022
910023
910024
910025
910026
910027
910028
910029
910030
910031
910032
910033
910034
910035
910036
910037
910038
910039
910040
910041
910042
910043
910044
910045
910046
910047
910048
910049
910050
910051
910052
910053
910054
910055
910056
910057
910058
910059
910060
910061
910062
910063
910064
910065
910066
910067
910068
910069
910070
910071
910072
910073
910074
910075
910076
910077
910078
910079
910080
910081
910082
910083
910084
910085
910086
910087
910088
910089
910090
910091
910092
910093
910094
910095
910096
910097
910098
910099
910100
910101
910102
910103
910104
910105
910106
910107
910108
910109
910110
910111
910112
910113
910114
910115
910116
910117
910118
910119
910120
910121
910122
910123
910124
910125
910126
910127
910128
910129
910130
910131
910132
910133
910134
910135
910136
910137
910138
910139
910140
910141
910142
910143
910144
910145
910146
910147
910148
910149
910150
910151
910152
910153
910154
910155
910156
910157
910158
910159
910160
910161
910162
910163
910164
910165
910166
910167
910168
910169
910170
910171
910172
910173
910174
910175
910176
910177
910178
910179
910180
910181
910182
910183
910184
910185
910186
910187
910188
910189
910190
910191
910192
910193
910194
910195
910196
910197
910198
910199
910200
910201
910202
910203
910204
910205
910206
910207
910208
910209
910210
910211
910212
910213
910214
910215
910216
910217
910218
910219
910220
910221
910222
910223
910224
910225
910226
910227
910228
910229
910230
910231
910232
910233
910234
910235
910236
910237
910238
910239
910240
910241
910242
910243
910244
910245
910246
910247
910248
910249
910250
910251
910252
910253
910254
910255
910256
910257
910258
910259
910260
910261
910262
910263
910264
910265
910266
910267
910268
910269
910270
910271
910272
910273
910274
910275
910276
910277
910278
910279
910280
910281
910282
910283
910284
910285
910286
910287
910288
910289
910290
910291
910292
910293
910294
910295
910296
910297
910298
910299
910300
910301
910302
910303
910304
910305
910306
910307
910308
910309
910310
910311
910312
910313
910314
910315
910316
910317
910318
910319
910320
910321
910322
910323
910324
910325
910326
910327
910328
910329
910330
910331
910332
910333
910334
910335
910336
910337
910338
910339
910340
910341
910342
910343
910344
910345
910346
910347
910348
910349
910350
910351
910352
910353
910354
910355
910356
910357
910358
910359
910360
910361
910362
910363
910364
910365
910366
910367
910368
910369
910370
910371
910372
910373
910374
910375
910376
910377
910378
910379
910380
910381
910382
910383
910384
910385
910386
910387
910388
910389
910390
910391
910392
910393
910394
910395
910396
910397
910398
910399
910400
910401
910402
910403
910404
910405
910406
910407
910408
910409
910410
910411
910412
910413
910414
910415
910416
910417
910418
910419
910420
910421
910422
910423
910424
910425
910426
910427
910428
910429
910430
910431
910432
910433
910434
910435
910436
910437
910438
910439
910440
910441
910442
910443
910444
910445
910446
910447
910448
910449
910450
910451
910452
910453
910454
910455
910456
910457
910458
910459
910460
910461
910462
910463
910464
910465
910466
910467
910468
910469
910470
910471
910472
910473
910474
910475
910476
910477
910478
910479
910480
910481
910482
910483
910484
910485
910486
910487
910488
910489
910490
910491
910492
910493
910494
910495
910496
910497
910498
910499
910500
910501
910502
910503
910504
910505
910506
910507
910508
910509
910510
910511
910512
910513
910514
910515
910516
910517
910518
910519
910520
910521
910522
910523
910524
910525
910526
910527
910528
910529
910530
910531
910532
910533
910534
910535
910536
910537
910538
910539
910540
910541
910542
910543
910544
910545
910546
910547
910548
910549
910550
910551
910552
910553
910554
910555
910556
910557
910558
910559
910560
910561
910562
910563
910564
910565
910566
910567
910568
910569
910570
910571
910572
910573
910574
910575
910576
910577
910578
910579
910580
910581
910582
910583
910584
910585
910586
910587
910588
910589
910590
910591
910592
910593
910594
910595
910596
910597
910598
910599
910600
910601
910602
910603
910604
910605
910606
910607
910608
910609
910610
910611
910612
910613
910614
910615
910616
910617
910618
910619
910620
910621
910622
910623
910624
910625
910626
910627
910628
910629
910630
910631
910632
910633
910634
910635
910636
910637
910638
910639
910640
910641
910642
910643
910644
910645
910646
910647
910648
910649
910650
910651
910652
910653
910654
910655
910656
910657
910658
910659
910660
910661
910662
910663
910664
910665
910666
910667
910668
910669
910670
910671
910672
910673
910674
910675
910676
910677
910678
910679
910680
910681
910682
910683
910684
910685
910686
910687
910688
910689
910690
910691
910692
910693
910694
910695
910696
910697
910698
910699
910700
910701
910702
910703
910704
910705
910706
910707
910708
910709
910710
910711
910712
910713
910714
910715
910716
910717
910718
910719
910720
910721
910722
910723
910724
910725
910726
910727
910728
910729
910730
910731
910732
910733
910734
910735
910736
910737
910738
910739
910740
910741
910742
910743
910744
910745
910746
910747
910748
910749
910750
910751
910752
910753
910754
910755
910756
910757
910758
910759
910760
910761
910762
910763
910764
910765
910766
910767
910768
910769
910770
910771
910772
910773
910774
910775
910776
910777
910778
910779
910780
910781
910782
910783
910784
910785
910786
910787
910788
910789
910790
910791
910792
910793
910794
910795
910796
910797
910798
910799
910800
910801
910802
910803
910804
910805
910806
910807
910808
910809
910810
910811
910812
910813
910814
910815
910816
910817
910818
910819
910820
910821
910822
910823
910824
910825
910826
910827
910828
910829
910830
910831
910832
910833
910834
910835
910836
910837
910838
910839
910840
910841
910842
910843
910844
910845
910846
910847
910848
910849
910850
910851
910852
910853
910854
910855
910856
910857
910858
910859
910860
910861
910862
910863
910864
910865
910866
910867
910868
910869
910870
910871
910872
910873
910874
910875
910876
910877
910878
910879
910880
910881
910882
910883
910884
910885
910886
910887
910888
910889
910890
910891
910892
910893
910894
910895
910896
910897
910898
910899
910900
910901
910902
910903
910904
910905
910906
910907
910908
910909
910910
910911
910912
910913
910914
910915
910916
910917
910918
910919
910920
910921
910922
910923
910924
910925
910926
910927
910928
910929
910930
910931
910932
910933
910934
910935
910936
910937
910938
910939
910940
910941
910942
910943
910944
910945
910946
910947
910948
910949
910950
910951
910952
910953
910954
910955
910956
910957
910958
910959
910960
910961
910962
910963
910964
910965
910966
910967
910968
910969
910970
910971
910972
910973
910974
910975
910976
910977
910978
910979
910980
910981
910982
910983
910984
910985
910986
910987
910988
910989
910990
910991
910992
910993
910994
910995
910996
910997
910998
910999
911000
911001
911002
911003
911004
911005
911006
911007
911008
911009
911010
911011
911012
911013
911014
911015
911016
911017
911018
911019
911020
911021
911022
911023
911024
911025
911026
911027
911028
911029
911030
911031
911032
911033
911034
911035
911036
911037
911038
911039
911040
911041
911042
911043
911044
911045
911046
911047
911048
911049
911050
911051
911052
911053
911054
911055
911056
911057
911058
911059
911060
911061
911062
911063
911064
911065
911066
911067
911068
911069
911070
911071
911072
911073
911074
911075
911076
911077
911078
911079
911080
911081
911082
911083
911084
911085
911086
911087
911088
911089
911090
911091
911092
911093
911094
911095
911096
911097
911098
911099
911100
911101
911102
911103
911104
911105
911106
911107
911108
911109
911110
911111
911112
911113
911114
911115
911116
911117
911118
911119
911120
911121
911122
911123
911124
911125
911126
911127
911128
911129
911130
911131
911132
911133
911134
911135
911136
911137
911138
911139
911140
911141
911142
911143
911144
911145
911146
911147
911148
911149
911150
911151
911152
911153
911154
911155
911156
911157
911158
911159
911160
911161
911162
911163
911164
911165
911166
911167
911168
911169
911170
911171
911172
911173
911174
911175
911176
911177
911178
911179
911180
911181
911182
911183
911184
911185
911186
911187
911188
911189
911190
911191
911192
911193
911194
911195
911196
911197
911198
911199
911200
911201
911202
911203
911204
911205
911206
911207
911208
911209
911210
911211
911212
911213
911214
911215
911216
911217
911218
911219
911220
911221
911222
911223
911224
911225
911226
911227
911228
911229
911230
911231
911232
911233
911234
911235
911236
911237
911238
911239
911240
911241
911242
911243
911244
911245
911246
911247
911248
911249
911250
911251
911252
911253
911254
911255
911256
911257
911258
911259
911260
911261
911262
911263
911264
911265
911266
911267
911268
911269
911270
911271
911272
911273
911274
911275
911276
911277
911278
911279
911280
911281
911282
911283
911284
911285
911286
911287
911288
911289
911290
911291
911292
911293
911294
911295
911296
911297
911298
911299
911300
911301
911302
911303
911304
911305
911306
911307
911308
911309
911310
911311
911312
911313
911314
911315
911316
911317
911318
911319
911320
911321
911322
911323
911324
911325
911326
911327
911328
911329
911330
911331
911332
911333
911334
911335
911336
911337
911338
911339
911340
911341
911342
911343
911344
911345
911346
911347
911348
911349
911350
911351
911352
911353
911354
911355
911356
911357
911358
911359
911360
911361
911362
911363
911364
911365
911366
911367
911368
911369
911370
911371
911372
911373
911374
911375
911376
911377
911378
911379
911380
911381
911382
911383
911384
911385
911386
911387
911388
911389
911390
911391
911392
911393
911394
911395
911396
911397
911398
911399
911400
911401
911402
911403
911404
911405
911406
911407
911408
911409
911410
911411
911412
911413
911414
911415
911416
911417
911418
911419
911420
911421
911422
911423
911424
911425
911426
911427
911428
911429
911430
911431
911432
911433
911434
911435
911436
911437
911438
911439
911440
911441
911442
911443
911444
911445
911446
911447
911448
911449
911450
911451
911452
911453
911454
911455
911456
911457
911458
911459
911460
911461
911462
911463
911464
911465
911466
911467
911468
911469
911470
911471
911472
911473
911474
911475
911476
911477
911478
911479
911480
911481
911482
911483
911484
911485
911486
911487
911488
911489
911490
911491
911492
911493
911494
911495
911496
911497
911498
911499
911500
911501
911502
911503
911504
911505
911506
911507
911508
911509
911510
911511
911512
911513
911514
911515
911516
911517
911518
911519
911520
911521
911522
911523
911524
911525
911526
911527
911528
911529
911530
911531
911532
911533
911534
911535
911536
911537
911538
911539
911540
911541
911542
911543
911544
911545
911546
911547
911548
911549
911550
911551
911552
911553
911554
911555
911556
911557
911558
911559
911560
911561
911562
911563
911564
911565
911566
911567
911568
911569
911570
911571
911572
911573
911574
911575
911576
911577
911578
911579
911580
911581
911582
911583
911584
911585
911586
911587
911588
911589
911590
911591
911592
911593
911594
911595
911596
911597
911598
911599
911600
911601
911602
911603
911604
911605
911606
911607
911608
911609
911610
911611
911612
911613
911614
911615
911616
911617
911618
911619
911620
911621
911622
911623
911624
911625
911626
911627
911628
911629
911630
911631
911632
911633
911634
911635
911636
911637
911638
911639
911640
911641
911642
911643
911644
911645
911646
911647
911648
911649
911650
911651
911652
911653
911654
911655
911656
911657
911658
911659
911660
911661
911662
911663
911664
911665
911666
911667
911668
911669
911670
911671
911672
911673
911674
911675
911676
911677
911678
911679
911680
911681
911682
911683
911684
911685
911686
911687
911688
911689
911690
911691
911692
911693
911694
911695
911696
911697
911698
911699
911700
911701
911702
911703
911704
911705
911706
911707
911708
911709
911710
911711
911712
911713
911714
911715
911716
911717
911718
911719
911720
911721
911722
911723
911724
911725
911726
911727
911728
911729
911730
911731
911732
911733
911734
911735
911736
911737
911738
911739
911740
911741
911742
911743
911744
911745
911746
911747
911748
911749
911750
911751
911752
911753
911754
911755
911756
911757
911758
911759
911760
911761
911762
911763
911764
911765
911766
911767
911768
911769
911770
911771
911772
911773
911774
911775
911776
911777
911778
911779
911780
911781
911782
911783
911784
911785
911786
911787
911788
911789
911790
911791
911792
911793
911794
911795
911796
911797
911798
911799
911800
911801
911802
911803
911804
911805
911806
911807
911808
911809
911810
911811
911812
911813
911814
911815
911816
911817
911818
911819
911820
911821
911822
911823
911824
911825
911826
911827
911828
911829
911830
911831
911832
911833
911834
911835
911836
911837
911838
911839
911840
911841
911842
911843
911844
911845
911846
911847
911848
911849
911850
911851
911852
911853
911854
911855
911856
911857
911858
911859
911860
911861
911862
911863
911864
911865
911866
911867
911868
911869
911870
911871
911872
911873
911874
911875
911876
911877
911878
911879
911880
911881
911882
911883
911884
911885
911886
911887
911888
911889
911890
911891
911892
911893
911894
911895
911896
911897
911898
911899
911900
911901
911902
911903
911904
911905
911906
911907
911908
911909
911910
911911
911912
911913
911914
911915
911916
911917
911918
911919
911920
911921
911922
911923
911924
911925
911926
911927
911928
911929
911930
911931
911932
911933
911934
911935
911936
911937
911938
911939
911940
911941
911942
911943
911944
911945
911946
911947
911948
911949
911950
911951
911952
911953
911954
911955
911956
911957
911958
911959
911960
911961
911962
911963
911964
911965
911966
911967
911968
911969
911970
911971
911972
911973
911974
911975
911976
911977
911978
911979
911980
911981
911982
911983
911984
911985
911986
911987
911988
911989
911990
911991
911992
911993
911994
911995
911996
911997
911998
911999
