903000
903001
903002
903003
903004
903005
903006
903007
903008
903009
903010
903011
903012
903013
903014
903015
903016
903017
903018
903019
903020
903021
903022
903023
903024
903025
903026
903027
903028
903029
903030
903031
903032
903033
903034
903035
903036
903037
903038
903039
903040
903041
903042
903043
903044
903045
903046
903047
903048
903049
903050
903051
903052
903053
903054
903055
903056
903057
903058
903059
903060
903061
903062
903063
903064
903065
903066
903067
903068
903069
903070
903071
903072
903073
903074
903075
903076
903077
903078
903079
903080
903081
903082
903083
903084
903085
903086
903087
903088
903089
903090
903091
903092
903093
903094
903095
903096
903097
903098
903099
903100
903101
903102
903103
903104
903105
903106
903107
903108
903109
903110
903111
903112
903113
903114
903115
903116
903117
903118
903119
903120
903121
903122
903123
903124
903125
903126
903127
903128
903129
903130
903131
903132
903133
903134
903135
903136
903137
903138
903139
903140
903141
903142
903143
903144
903145
903146
903147
903148
903149
903150
903151
903152
903153
903154
903155
903156
903157
903158
903159
903160
903161
903162
903163
903164
903165
903166
903167
903168
903169
903170
903171
903172
903173
903174
903175
903176
903177
903178
903179
903180
903181
903182
903183
903184
903185
903186
903187
903188
903189
903190
903191
903192
903193
903194
903195
903196
903197
903198
903199
903200
903201
903202
903203
903204
903205
903206
903207
903208
903209
903210
903211
903212
903213
903214
903215
903216
903217
903218
903219
903220
903221
903222
903223
903224
903225
903226
903227
903228
903229
903230
903231
903232
903233
903234
903235
903236
903237
903238
903239
903240
903241
903242
903243
903244
903245
903246
903247
903248
903249
903250
903251
903252
903253
903254
903255
903256
903257
903258
903259
903260
903261
903262
903263
903264
903265
903266
903267
903268
903269
903270
903271
903272
903273
903274
903275
903276
903277
903278
903279
903280
903281
903282
903283
903284
903285
903286
903287
903288
903289
903290
903291
903292
903293
903294
903295
903296
903297
903298
903299
903300
903301
903302
903303
903304
903305
903306
903307
903308
903309
903310
903311
903312
903313
903314
903315
903316
903317
903318
903319
903320
903321
903322
903323
903324
903325
903326
903327
903328
903329
903330
903331
903332
903333
903334
903335
903336
903337
903338
903339
903340
903341
903342
903343
903344
903345
903346
903347
903348
903349
903350
903351
903352
903353
903354
903355
903356
903357
903358
903359
903360
903361
903362
903363
903364
903365
903366
903367
903368
903369
903370
903371
903372
903373
903374
903375
903376
903377
903378
903379
903380
903381
903382
903383
903384
903385
903386
903387
903388
903389
903390
903391
903392
903393
903394
903395
903396
903397
903398
903399
903400
903401
903402
903403
903404
903405
903406
903407
903408
903409
903410
903411
903412
903413
903414
903415
903416
903417
903418
903419
903420
903421
903422
903423
903424
903425
903426
903427
903428
903429
903430
903431
903432
903433
903434
903435
903436
903437
903438
903439
903440
903441
903442
903443
903444
903445
903446
903447
903448
903449
903450
903451
903452
903453
903454
903455
903456
903457
903458
903459
903460
903461
903462
903463
903464
903465
903466
903467
903468
903469
903470
903471
903472
903473
903474
903475
903476
903477
903478
903479
903480
903481
903482
903483
903484
903485
903486
903487
903488
903489
903490
903491
903492
903493
903494
903495
903496
903497
903498
903499
903500
903501
903502
903503
903504
903505
903506
903507
903508
903509
903510
903511
903512
903513
903514
903515
903516
903517
903518
903519
903520
903521
903522
903523
903524
903525
903526
903527
903528
903529
903530
903531
903532
903533
903534
903535
903536
903537
903538
903539
903540
903541
903542
903543
903544
903545
903546
903547
903548
903549
903550
903551
903552
903553
903554
903555
903556
903557
903558
903559
903560
903561
903562
903563
903564
903565
903566
903567
903568
903569
903570
903571
903572
903573
903574
903575
903576
903577
903578
903579
903580
903581
903582
903583
903584
903585
903586
903587
903588
903589
903590
903591
903592
903593
903594
903595
903596
903597
903598
903599
903600
903601
903602
903603
903604
903605
903606
903607
903608
903609
903610
903611
903612
903613
903614
903615
903616
903617
903618
903619
903620
903621
903622
903623
903624
903625
903626
903627
903628
903629
903630
903631
903632
903633
903634
903635
903636
903637
903638
903639
903640
903641
903642
903643
903644
903645
903646
903647
903648
903649
903650
903651
903652
903653
903654
903655
903656
903657
903658
903659
903660
903661
903662
903663
903664
903665
903666
903667
903668
903669
903670
903671
903672
903673
903674
903675
903676
903677
903678
903679
903680
903681
903682
903683
903684
903685
903686
903687
903688
903689
903690
903691
903692
903693
903694
903695
903696
903697
903698
903699
903700
903701
903702
903703
903704
903705
903706
903707
903708
903709
903710
903711
903712
903713
903714
903715
903716
903717
903718
903719
903720
903721
903722
903723
903724
903725
903726
903727
903728
903729
903730
903731
903732
903733
903734
903735
903736
903737
903738
903739
903740
903741
903742
903743
903744
903745
903746
903747
903748
903749
903750
903751
903752
903753
903754
903755
903756
903757
903758
903759
903760
903761
903762
903763
903764
903765
903766
903767
903768
903769
903770
903771
903772
903773
903774
903775
903776
903777
903778
903779
903780
903781
903782
903783
903784
903785
903786
903787
903788
903789
903790
903791
903792
903793
903794
903795
903796
903797
903798
903799
903800
903801
903802
903803
903804
903805
903806
903807
903808
903809
903810
903811
903812
903813
903814
903815
903816
903817
903818
903819
903820
903821
903822
903823
903824
903825
903826
903827
903828
903829
903830
903831
903832
903833
903834
903835
903836
903837
903838
903839
903840
903841
903842
903843
903844
903845
903846
903847
903848
903849
903850
903851
903852
903853
903854
903855
903856
903857
903858
903859
903860
903861
903862
903863
903864
903865
903866
903867
903868
903869
903870
903871
903872
903873
903874
903875
903876
903877
903878
903879
903880
903881
903882
903883
903884
903885
903886
903887
903888
903889
903890
903891
903892
903893
903894
903895
903896
903897
903898
903899
903900
903901
903902
903903
903904
903905
903906
903907
903908
903909
903910
903911
903912
903913
903914
903915
903916
903917
903918
903919
903920
903921
903922
903923
903924
903925
903926
903927
903928
903929
903930
903931
903932
903933
903934
903935
903936
903937
903938
903939
903940
903941
903942
903943
903944
903945
903946
903947
903948
903949
903950
903951
903952
903953
903954
903955
903956
903957
903958
903959
903960
903961
903962
903963
903964
903965
903966
903967
903968
903969
903970
903971
903972
903973
903974
903975
903976
903977
903978
903979
903980
903981
903982
903983
903984
903985
903986
903987
903988
903989
903990
903991
903992
903993
903994
903995
903996
903997
903998
903999
904000
904001
904002
904003
904004
904005
904006
904007
904008
904009
904010
904011
904012
904013
904014
904015
904016
904017
904018
904019
904020
904021
904022
904023
904024
904025
904026
904027
904028
904029
904030
904031
904032
904033
904034
904035
904036
904037
904038
904039
904040
904041
904042
904043
904044
904045
904046
904047
904048
904049
904050
904051
904052
904053
904054
904055
904056
904057
904058
904059
904060
904061
904062
904063
904064
904065
904066
904067
904068
904069
904070
904071
904072
904073
904074
904075
904076
904077
904078
904079
904080
904081
904082
904083
904084
904085
904086
904087
904088
904089
904090
904091
904092
904093
904094
904095
904096
904097
904098
904099
904100
904101
904102
904103
904104
904105
904106
904107
904108
904109
904110
904111
904112
904113
904114
904115
904116
904117
904118
904119
904120
904121
904122
904123
904124
904125
904126
904127
904128
904129
904130
904131
904132
904133
904134
904135
904136
904137
904138
904139
904140
904141
904142
904143
904144
904145
904146
904147
904148
904149
904150
904151
904152
904153
904154
904155
904156
904157
904158
904159
904160
904161
904162
904163
904164
904165
904166
904167
904168
904169
904170
904171
904172
904173
904174
904175
904176
904177
904178
904179
904180
904181
904182
904183
904184
904185
904186
904187
904188
904189
904190
904191
904192
904193
904194
904195
904196
904197
904198
904199
904200
904201
904202
904203
904204
904205
904206
904207
904208
904209
904210
904211
904212
904213
904214
904215
904216
904217
904218
904219
904220
904221
904222
904223
904224
904225
904226
904227
904228
904229
904230
904231
904232
904233
904234
904235
904236
904237
904238
904239
904240
904241
904242
904243
904244
904245
904246
904247
904248
904249
904250
904251
904252
904253
904254
904255
904256
904257
904258
904259
904260
904261
904262
904263
904264
904265
904266
904267
904268
904269
904270
904271
904272
904273
904274
904275
904276
904277
904278
904279
904280
904281
904282
904283
904284
904285
904286
904287
904288
904289
904290
904291
904292
904293
904294
904295
904296
904297
904298
904299
904300
904301
904302
904303
904304
904305
904306
904307
904308
904309
904310
904311
904312
904313
904314
904315
904316
904317
904318
904319
904320
904321
904322
904323
904324
904325
904326
904327
904328
904329
904330
904331
904332
904333
904334
904335
904336
904337
904338
904339
904340
904341
904342
904343
904344
904345
904346
904347
904348
904349
904350
904351
904352
904353
904354
904355
904356
904357
904358
904359
904360
904361
904362
904363
904364
904365
904366
904367
904368
904369
904370
904371
904372
904373
904374
904375
904376
904377
904378
904379
904380
904381
904382
904383
904384
904385
904386
904387
904388
904389
904390
904391
904392
904393
904394
904395
904396
904397
904398
904399
904400
904401
904402
904403
904404
904405
904406
904407
904408
904409
904410
904411
904412
904413
904414
904415
904416
904417
904418
904419
904420
904421
904422
904423
904424
904425
904426
904427
904428
904429
904430
904431
904432
904433
904434
904435
904436
904437
904438
904439
904440
904441
904442
904443
904444
904445
904446
904447
904448
904449
904450
904451
904452
904453
904454
904455
904456
904457
904458
904459
904460
904461
904462
904463
904464
904465
904466
904467
904468
904469
904470
904471
904472
904473
904474
904475
904476
904477
904478
904479
904480
904481
904482
904483
904484
904485
904486
904487
904488
904489
904490
904491
904492
904493
904494
904495
904496
904497
904498
904499
904500
904501
904502
904503
904504
904505
904506
904507
904508
904509
904510
904511
904512
904513
904514
904515
904516
904517
904518
904519
904520
904521
904522
904523
904524
904525
904526
904527
904528
904529
904530
904531
904532
904533
904534
904535
904536
904537
904538
904539
904540
904541
904542
904543
904544
904545
904546
904547
904548
904549
904550
904551
904552
904553
904554
904555
904556
904557
904558
904559
904560
904561
904562
904563
904564
904565
904566
904567
904568
904569
904570
904571
904572
904573
904574
904575
904576
904577
904578
904579
904580
904581
904582
904583
904584
904585
904586
904587
904588
904589
904590
904591
904592
904593
904594
904595
904596
904597
904598
904599
904600
904601
904602
904603
904604
904605
904606
904607
904608
904609
904610
904611
904612
904613
904614
904615
904616
904617
904618
904619
904620
904621
904622
904623
904624
904625
904626
904627
904628
904629
904630
904631
904632
904633
904634
904635
904636
904637
904638
904639
904640
904641
904642
904643
904644
904645
904646
904647
904648
904649
904650
904651
904652
904653
904654
904655
904656
904657
904658
904659
904660
904661
904662
904663
904664
904665
904666
904667
904668
904669
904670
904671
904672
904673
904674
904675
904676
904677
904678
904679
904680
904681
904682
904683
904684
904685
904686
904687
904688
904689
904690
904691
904692
904693
904694
904695
904696
904697
904698
904699
904700
904701
904702
904703
904704
904705
904706
904707
904708
904709
904710
904711
904712
904713
904714
904715
904716
904717
904718
904719
904720
904721
904722
904723
904724
904725
904726
904727
904728
904729
904730
904731
904732
904733
904734
904735
904736
904737
904738
904739
904740
904741
904742
904743
904744
904745
904746
904747
904748
904749
904750
904751
904752
904753
904754
904755
904756
904757
904758
904759
904760
904761
904762
904763
904764
904765
904766
904767
904768
904769
904770
904771
904772
904773
904774
904775
904776
904777
904778
904779
904780
904781
904782
904783
904784
904785
904786
904787
904788
904789
904790
904791
904792
904793
904794
904795
904796
904797
904798
904799
904800
904801
904802
904803
904804
904805
904806
904807
904808
904809
904810
904811
904812
904813
904814
904815
904816
904817
904818
904819
904820
904821
904822
904823
904824
904825
904826
904827
904828
904829
904830
904831
904832
904833
904834
904835
904836
904837
904838
904839
904840
904841
904842
904843
904844
904845
904846
904847
904848
904849
904850
904851
904852
904853
904854
904855
904856
904857
904858
904859
904860
904861
904862
904863
904864
904865
904866
904867
904868
904869
904870
904871
904872
904873
904874
904875
904876
904877
904878
904879
904880
904881
904882
904883
904884
904885
904886
904887
904888
904889
904890
904891
904892
904893
904894
904895
904896
904897
904898
904899
904900
904901
904902
904903
904904
904905
904906
904907
904908
904909
904910
904911
904912
904913
904914
904915
904916
904917
904918
904919
904920
904921
904922
904923
904924
904925
904926
904927
904928
904929
904930
904931
904932
904933
904934
904935
904936
904937
904938
904939
904940
904941
904942
904943
904944
904945
904946
904947
904948
904949
904950
904951
904952
904953
904954
904955
904956
904957
904958
904959
904960
904961
904962
904963
904964
904965
904966
904967
904968
904969
904970
904971
904972
904973
904974
904975
904976
904977
904978
904979
904980
904981
904982
904983
904984
904985
904986
904987
904988
904989
904990
904991
904992
904993
904994
904995
904996
904997
904998
904999
