907001
907002
907003
907004
907005
907006
907007
907008
907009
907010
907011
907012
907013
907014
907015
907016
907017
907018
907019
907020
907021
907022
907023
907024
907025
907026
907027
907028
907029
907030
907031
907032
907033
907034
907035
907036
907037
907038
907039
907040
907041
907042
907043
907044
907045
907046
907047
907048
907049
907050
907051
907052
907053
907054
907055
907056
907057
907058
907059
907060
907061
907062
907063
907064
907065
907066
907067
907068
907069
907070
907071
907072
907073
907074
907075
907076
907077
907078
907079
907080
907081
907082
907083
907084
907085
907086
907087
907088
907089
907090
907091
907092
907093
907094
907095
907096
907097
907098
907099
907100
907101
907102
907103
907104
907105
907106
907107
907108
907109
907110
907111
907112
907113
907114
907115
907116
907117
907118
907119
907120
907121
907122
907123
907124
907125
907126
907127
907128
907129
907130
907131
907132
907133
907134
907135
907136
907137
907138
907139
907140
907141
907142
907143
907144
907145
907146
907147
907148
907149
907150
907151
907152
907153
907154
907155
907156
907157
907158
907159
907160
907161
907162
907163
907164
907165
907166
907167
907168
907169
907170
907171
907172
907173
907174
907175
907176
907177
907178
907179
907180
907181
907182
907183
907184
907185
907186
907187
907188
907189
907190
907191
907192
907193
907194
907195
907196
907197
907198
907199
907200
907201
907202
907203
907204
907205
907206
907207
907208
907209
907210
907211
907212
907213
907214
907215
907216
907217
907218
907219
907220
907221
907222
907223
907224
907225
907226
907227
907228
907229
907230
907231
907232
907233
907234
907235
907236
907237
907238
907239
907240
907241
907242
907243
907244
907245
907246
907247
907248
907249
907250
907251
907252
907253
907254
907255
907256
907257
907258
907259
907260
907261
907262
907263
907264
907265
907266
907267
907268
907269
907270
907271
907272
907273
907274
907275
907276
907277
907278
907279
907280
907281
907282
907283
907284
907285
907286
907287
907288
907289
907290
907291
907292
907293
907294
907295
907296
907297
907298
907299
907300
907301
907302
907303
907304
907305
907306
907307
907308
907309
907310
907311
907312
907313
907314
907315
907316
907317
907318
907319
907320
907321
907322
907323
907324
907325
907326
907327
907328
907329
907330
907331
907332
907333
907334
907335
907336
907337
907338
907339
907340
907341
907342
907343
907344
907345
907346
907347
907348
907349
907350
907351
907352
907353
907354
907355
907356
907357
907358
907359
907360
907361
907362
907363
907364
907365
907366
907367
907368
907369
907370
907371
907372
907373
907374
907375
907376
907377
907378
907379
907380
907381
907382
907383
907384
907385
907386
907387
907388
907389
907390
907391
907392
907393
907394
907395
907396
907397
907398
907399
907400
907401
907402
907403
907404
907405
907406
907407
907408
907409
907410
907411
907412
907413
907414
907415
907416
907417
907418
907419
907420
907421
907422
907423
907424
907425
907426
907427
907428
907429
907430
907431
907432
907433
907434
907435
907436
907437
907438
907439
907440
907441
907442
907443
907444
907445
907446
907447
907448
907449
907450
907451
907452
907453
907454
907455
907456
907457
907458
907459
907460
907461
907462
907463
907464
907465
907466
907467
907468
907469
907470
907471
907472
907473
907474
907475
907476
907477
907478
907479
907480
907481
907482
907483
907484
907485
907486
907487
907488
907489
907490
907491
907492
907493
907494
907495
907496
907497
907498
907499
907500
907501
907502
907503
907504
907505
907506
907507
907508
907509
907510
907511
907512
907513
907514
907515
907516
907517
907518
907519
907520
907521
907522
907523
907524
907525
907526
907527
907528
907529
907530
907531
907532
907533
907534
907535
907536
907537
907538
907539
907540
907541
907542
907543
907544
907545
907546
907547
907548
907549
907550
907551
907552
907553
907554
907555
907556
907557
907558
907559
907560
907561
907562
907563
907564
907565
907566
907567
907568
907569
907570
907571
907572
907573
907574
907575
907576
907577
907578
907579
907580
907581
907582
907583
907584
907585
907586
907587
907588
907589
907590
907591
907592
907593
907594
907595
907596
907597
907598
907599
907600
907601
907602
907603
907604
907605
907606
907607
907608
907609
907610
907611
907612
907613
907614
907615
907616
907617
907618
907619
907620
907621
907622
907623
907624
907625
907626
907627
907628
907629
907630
907631
907632
907633
907634
907635
907636
907637
907638
907639
907640
907641
907642
907643
907644
907645
907646
907647
907648
907649
907650
907651
907652
907653
907654
907655
907656
907657
907658
907659
907660
907661
907662
907663
907664
907665
907666
907667
907668
907669
907670
907671
907672
907673
907674
907675
907676
907677
907678
907679
907680
907681
907682
907683
907684
907685
907686
907687
907688
907689
907690
907691
907692
907693
907694
907695
907696
907697
907698
907699
907700
907701
907702
907703
907704
907705
907706
907707
907708
907709
907710
907711
907712
907713
907714
907715
907716
907717
907718
907719
907720
907721
907722
907723
907724
907725
907726
907727
907728
907729
907730
907731
907732
907733
907734
907735
907736
907737
907738
907739
907740
907741
907742
907743
907744
907745
907746
907747
907748
907749
907750
907751
907752
907753
907754
907755
907756
907757
907758
907759
907760
907761
907762
907763
907764
907765
907766
907767
907768
907769
907770
907771
907772
907773
907774
907775
907776
907777
907778
907779
907780
907781
907782
907783
907784
907785
907786
907787
907788
907789
907790
907791
907792
907793
907794
907795
907796
907797
907798
907799
907800
907801
907802
907803
907804
907805
907806
907807
907808
907809
907810
907811
907812
907813
907814
907815
907816
907817
907818
907819
907820
907821
907822
907823
907824
907825
907826
907827
907828
907829
907830
907831
907832
907833
907834
907835
907836
907837
907838
907839
907840
907841
907842
907843
907844
907845
907846
907847
907848
907849
907850
907851
907852
907853
907854
907855
907856
907857
907858
907859
907860
907861
907862
907863
907864
907865
907866
907867
907868
907869
907870
907871
907872
907873
907874
907875
907876
907877
907878
907879
907880
907881
907882
907883
907884
907885
907886
907887
907888
907889
907890
907891
907892
907893
907894
907895
907896
907897
907898
907899
907900
907901
907902
907903
907904
907905
907906
907907
907908
907909
907910
907911
907912
907913
907914
907915
907916
907917
907918
907919
907920
907921
907922
907923
907924
907925
907926
907927
907928
907929
907930
907931
907932
907933
907934
907935
907936
907937
907938
907939
907940
907941
907942
907943
907944
907945
907946
907947
907948
907949
907950
907951
907952
907953
907954
907955
907956
907957
907958
907959
907960
907961
907962
907963
907964
907965
907966
907967
907968
907969
907970
907971
907972
907973
907974
907975
907976
907977
907978
907979
907980
907981
907982
907983
907984
907985
907986
907987
907988
907989
907990
907991
907992
907993
907994
907995
907996
907997
907998
907999
908000
908001
908002
908003
908004
908005
908006
908007
908008
908009
908010
908011
908012
908013
908014
908015
908016
908017
908018
908019
908020
908021
908022
908023
908024
908025
908026
908027
908028
908029
908030
908031
908032
908033
908034
908035
908036
908037
908038
908039
908040
908041
908042
908043
908044
908045
908046
908047
908048
908049
908050
908051
908052
908053
908054
908055
908056
908057
908058
908059
908060
908061
908062
908063
908064
908065
908066
908067
908068
908069
908070
908071
908072
908073
908074
908075
908076
908077
908078
908079
908080
908081
908082
908083
908084
908085
908086
908087
908088
908089
908090
908091
908092
908093
908094
908095
908096
908097
908098
908099
908100
908101
908102
908103
908104
908105
908106
908107
908108
908109
908110
908111
908112
908113
908114
908115
908116
908117
908118
908119
908120
908121
908122
908123
908124
908125
908126
908127
908128
908129
908130
908131
908132
908133
908134
908135
908136
908137
908138
908139
908140
908141
908142
908143
908144
908145
908146
908147
908148
908149
908150
908151
908152
908153
908154
908155
908156
908157
908158
908159
908160
908161
908162
908163
908164
908165
908166
908167
908168
908169
908170
908171
908172
908173
908174
908175
908176
908177
908178
908179
908180
908181
908182
908183
908184
908185
908186
908187
908188
908189
908190
908191
908192
908193
908194
908195
908196
908197
908198
908199
908200
908201
908202
908203
908204
908205
908206
908207
908208
908209
908210
908211
908212
908213
908214
908215
908216
908217
908218
908219
908220
908221
908222
908223
908224
908225
908226
908227
908228
908229
908230
908231
908232
908233
908234
908235
908236
908237
908238
908239
908240
908241
908242
908243
908244
908245
908246
908247
908248
908249
908250
908251
908252
908253
908254
908255
908256
908257
908258
908259
908260
908261
908262
908263
908264
908265
908266
908267
908268
908269
908270
908271
908272
908273
908274
908275
908276
908277
908278
908279
908280
908281
908282
908283
908284
908285
908286
908287
908288
908289
908290
908291
908292
908293
908294
908295
908296
908297
908298
908299
908300
908301
908302
908303
908304
908305
908306
908307
908308
908309
908310
908311
908312
908313
908314
908315
908316
908317
908318
908319
908320
908321
908322
908323
908324
908325
908326
908327
908328
908329
908330
908331
908332
908333
908334
908335
908336
908337
908338
908339
908340
908341
908342
908343
908344
908345
908346
908347
908348
908349
908350
908351
908352
908353
908354
908355
908356
908357
908358
908359
908360
908361
908362
908363
908364
908365
908366
908367
908368
908369
908370
908371
908372
908373
908374
908375
908376
908377
908378
908379
908380
908381
908382
908383
908384
908385
908386
908387
908388
908389
908390
908391
908392
908393
908394
908395
908396
908397
908398
908399
908400
908401
908402
908403
908404
908405
908406
908407
908408
908409
908410
908411
908412
908413
908414
908415
908416
908417
908418
908419
908420
908421
908422
908423
908424
908425
908426
908427
908428
908429
908430
908431
908432
908433
908434
908435
908436
908437
908438
908439
908440
908441
908442
908443
908444
908445
908446
908447
908448
908449
908450
908451
908452
908453
908454
908455
908456
908457
908458
908459
908460
908461
908462
908463
908464
908465
908466
908467
908468
908469
908470
908471
908472
908473
908474
908475
908476
908477
908478
908479
908480
908481
908482
908483
908484
908485
908486
908487
908488
908489
908490
908491
908492
908493
908494
908495
908496
908497
908498
908499
908500
908501
908502
908503
908504
908505
908506
908507
908508
908509
908510
908511
908512
908513
908514
908515
908516
908517
908518
908519
908520
908521
908522
908523
908524
908525
908526
908527
908528
908529
908530
908531
908532
908533
908534
908535
908536
908537
908538
908539
908540
908541
908542
908543
908544
908545
908546
908547
908548
908549
908550
908551
908552
908553
908554
908555
908556
908557
908558
908559
908560
908561
908562
908563
908564
908565
908566
908567
908568
908569
908570
908571
908572
908573
908574
908575
908576
908577
908578
908579
908580
908581
908582
908583
908584
908585
908586
908587
908588
908589
908590
908591
908592
908593
908594
908595
908596
908597
908598
908599
908600
908601
908602
908603
908604
908605
908606
908607
908608
908609
908610
908611
908612
908613
908614
908615
908616
908617
908618
908619
908620
908621
908622
908623
908624
908625
908626
908627
908628
908629
908630
908631
908632
908633
908634
908635
908636
908637
908638
908639
908640
908641
908642
908643
908644
908645
908646
908647
908648
908649
908650
908651
908652
908653
908654
908655
908656
908657
908658
908659
908660
908661
908662
908663
908664
908665
908666
908667
908668
908669
908670
908671
908672
908673
908674
908675
908676
908677
908678
908679
908680
908681
908682
908683
908684
908685
908686
908687
908688
908689
908690
908691
908692
908693
908694
908695
908696
908697
908698
908699
908700
908701
908702
908703
908704
908705
908706
908707
908708
908709
908710
908711
908712
908713
908714
908715
908716
908717
908718
908719
908720
908721
908722
908723
908724
908725
908726
908727
908728
908729
908730
908731
908732
908733
908734
908735
908736
908737
908738
908739
908740
908741
908742
908743
908744
908745
908746
908747
908748
908749
908750
908751
908752
908753
908754
908755
908756
908757
908758
908759
908760
908761
908762
908763
908764
908765
908766
908767
908768
908769
908770
908771
908772
908773
908774
908775
908776
908777
908778
908779
908780
908781
908782
908783
908784
908785
908786
908787
908788
908789
908790
908791
908792
908793
908794
908795
908796
908797
908798
908799
908800
908801
908802
908803
908804
908805
908806
908807
908808
908809
908810
908811
908812
908813
908814
908815
908816
908817
908818
908819
908820
908821
908822
908823
908824
908825
908826
908827
908828
908829
908830
908831
908832
908833
908834
908835
908836
908837
908838
908839
908840
908841
908842
908843
908844
908845
908846
908847
908848
908849
908850
908851
908852
908853
908854
908855
908856
908857
908858
908859
908860
908861
908862
908863
908864
908865
908866
908867
908868
908869
908870
908871
908872
908873
908874
908875
908876
908877
908878
908879
908880
908881
908882
908883
908884
908885
908886
908887
908888
908889
908890
908891
908892
908893
908894
908895
908896
908897
908898
908899
908900
908901
908902
908903
908904
908905
908906
908907
908908
908909
908910
908911
908912
908913
908914
908915
908916
908917
908918
908919
908920
908921
908922
908923
908924
908925
908926
908927
908928
908929
908930
908931
908932
908933
908934
908935
908936
908937
908938
908939
908940
908941
908942
908943
908944
908945
908946
908947
908948
908949
908950
908951
908952
908953
908954
908955
908956
908957
908958
908959
908960
908961
908962
908963
908964
908965
908966
908967
908968
908969
908970
908971
908972
908973
908974
908975
908976
908977
908978
908979
908980
908981
908982
908983
908984
908985
908986
908987
908988
908989
908990
908991
908992
908993
908994
908995
908996
908997
908998
908999
909000
909001
909002
909003
909004
909005
909006
909007
909008
909009
909010
909011
909012
909013
909014
909015
909016
909017
909018
909019
909020
909021
909022
909023
909024
909025
909026
909027
909028
909029
909030
909031
909032
909033
909034
909035
909036
909037
909038
909039
909040
909041
909042
909043
909044
909045
909046
909047
909048
909049
909050
909051
909052
909053
909054
909055
909056
909057
909058
909059
909060
909061
909062
909063
909064
909065
909066
909067
909068
909069
909070
909071
909072
909073
909074
909075
909076
909077
909078
909079
909080
909081
909082
909083
909084
909085
909086
909087
909088
909089
909090
909091
909092
909093
909094
909095
909096
909097
909098
909099
909100
909101
909102
909103
909104
909105
909106
909107
909108
909109
909110
909111
909112
909113
909114
909115
909116
909117
909118
909119
909120
909121
909122
909123
909124
909125
909126
909127
909128
909129
909130
909131
909132
909133
909134
909135
909136
909137
909138
909139
909140
909141
909142
909143
909144
909145
909146
909147
909148
909149
909150
909151
909152
909153
909154
909155
909156
909157
909158
909159
909160
909161
909162
909163
909164
909165
909166
909167
909168
909169
909170
909171
909172
909173
909174
909175
909176
909177
909178
909179
909180
909181
909182
909183
909184
909185
909186
909187
909188
909189
909190
909191
909192
909193
909194
909195
909196
909197
909198
909199
909200
909201
909202
909203
909204
909205
909206
909207
909208
909209
909210
909211
909212
909213
909214
909215
909216
909217
909218
909219
909220
909221
909222
909223
909224
909225
909226
909227
909228
909229
909230
909231
909232
909233
909234
909235
909236
909237
909238
909239
909240
909241
909242
909243
909244
909245
909246
909247
909248
909249
909250
909251
909252
909253
909254
909255
909256
909257
909258
909259
909260
909261
909262
909263
909264
909265
909266
909267
909268
909269
909270
909271
909272
909273
909274
909275
909276
909277
909278
909279
909280
909281
909282
909283
909284
909285
909286
909287
909288
909289
909290
909291
909292
909293
909294
909295
909296
909297
909298
909299
909300
909301
909302
909303
909304
909305
909306
909307
909308
909309
909310
909311
909312
909313
909314
909315
909316
909317
909318
909319
909320
909321
909322
909323
909324
909325
909326
909327
909328
909329
909330
909331
909332
909333
909334
909335
909336
909337
909338
909339
909340
909341
909342
909343
909344
909345
909346
909347
909348
909349
909350
909351
909352
909353
909354
909355
909356
909357
909358
909359
909360
909361
909362
909363
909364
909365
909366
909367
909368
909369
909370
909371
909372
909373
909374
909375
909376
909377
909378
909379
909380
909381
909382
909383
909384
909385
909386
909387
909388
909389
909390
909391
909392
909393
909394
909395
909396
909397
909398
909399
909400
909401
909402
909403
909404
909405
909406
909407
909408
909409
909410
909411
909412
909413
909414
909415
909416
909417
909418
909419
909420
909421
909422
909423
909424
909425
909426
909427
909428
909429
909430
909431
909432
909433
909434
909435
909436
909437
909438
909439
909440
909441
909442
909443
909444
909445
909446
909447
909448
909449
909450
909451
909452
909453
909454
909455
909456
909457
909458
909459
909460
909461
909462
909463
909464
909465
909466
909467
909468
909469
909470
909471
909472
909473
909474
909475
909476
909477
909478
909479
909480
909481
909482
909483
909484
909485
909486
909487
909488
909489
909490
909491
909492
909493
909494
909495
909496
909497
909498
909499
909500
909501
909502
909503
909504
909505
909506
909507
909508
909509
909510
909511
909512
909513
909514
909515
909516
909517
909518
909519
909520
909521
909522
909523
909524
909525
909526
909527
909528
909529
909530
909531
909532
909533
909534
909535
909536
909537
909538
909539
909540
909541
909542
909543
909544
909545
909546
909547
909548
909549
909550
909551
909552
909553
909554
909555
909556
909557
909558
909559
909560
909561
909562
909563
909564
909565
909566
909567
909568
909569
909570
909571
909572
909573
909574
909575
909576
909577
909578
909579
909580
909581
909582
909583
909584
909585
909586
909587
909588
909589
909590
909591
909592
909593
909594
909595
909596
909597
909598
909599
909600
909601
909602
909603
909604
909605
909606
909607
909608
909609
909610
909611
909612
909613
909614
909615
909616
909617
909618
909619
909620
909621
909622
909623
909624
909625
909626
909627
909628
909629
909630
909631
909632
909633
909634
909635
909636
909637
909638
909639
909640
909641
909642
909643
909644
909645
909646
909647
909648
909649
909650
909651
909652
909653
909654
909655
909656
909657
909658
909659
909660
909661
909662
909663
909664
909665
909666
909667
909668
909669
909670
909671
909672
909673
909674
909675
909676
909677
909678
909679
909680
909681
909682
909683
909684
909685
909686
909687
909688
909689
909690
909691
909692
909693
909694
909695
909696
909697
909698
909699
909700
909701
909702
909703
909704
909705
909706
909707
909708
909709
909710
909711
909712
909713
909714
909715
909716
909717
909718
909719
909720
909721
909722
909723
909724
909725
909726
909727
909728
909729
909730
909731
909732
909733
909734
909735
909736
909737
909738
909739
909740
909741
909742
909743
909744
909745
909746
909747
909748
909749
909750
909751
909752
909753
909754
909755
909756
909757
909758
909759
909760
909761
909762
909763
909764
909765
909766
909767
909768
909769
909770
909771
909772
909773
909774
909775
909776
909777
909778
909779
909780
909781
909782
909783
909784
909785
909786
909787
909788
909789
909790
909791
909792
909793
909794
909795
909796
909797
909798
909799
909800
909801
909802
909803
909804
909805
909806
909807
909808
909809
909810
909811
909812
909813
909814
909815
909816
909817
909818
909819
909820
909821
909822
909823
909824
909825
909826
909827
909828
909829
909830
909831
909832
909833
909834
909835
909836
909837
909838
909839
909840
909841
909842
909843
909844
909845
909846
909847
909848
909849
909850
909851
909852
909853
909854
909855
909856
909857
909858
909859
909860
909861
909862
909863
909864
909865
909866
909867
909868
909869
909870
909871
909872
909873
909874
909875
909876
909877
909878
909879
909880
909881
909882
909883
909884
909885
909886
909887
909888
909889
909890
909891
909892
909893
909894
909895
909896
909897
909898
909899
909900
909901
909902
909903
909904
909905
909906
909907
909908
909909
909910
909911
909912
909913
909914
909915
909916
909917
909918
909919
909920
909921
909922
909923
909924
909925
909926
909927
909928
909929
909930
909931
909932
909933
909934
909935
909936
909937
909938
909939
909940
909941
909942
909943
909944
909945
909946
909947
909948
909949
909950
909951
909952
909953
909954
909955
909956
909957
909958
909959
909960
909961
909962
909963
909964
909965
909966
909967
909968
909969
909970
909971
909972
909973
909974
909975
909976
909977
909978
909979
909980
909981
909982
909983
909984
909985
909986
909987
909988
909989
909990
909991
909992
909993
909994
909995
909996
909997
909998
909999
910000
910001
910002
910003
910004
910005
910006
910007
910008
910009
910010
910011
910012
910013
910014
910015
910016
910017
910018
910019
910020
910021
910022
910023
910024
910025
910026
910027
910028
910029
910030
910031
910032
910033
910034
910035
910036
910037
910038
910039
910040
910041
910042
910043
910044
910045
910046
910047
910048
910049
910050
910051
910052
910053
910054
910055
910056
910057
910058
910059
910060
910061
910062
910063
910064
910065
910066
910067
910068
910069
910070
910071
910072
910073
910074
910075
910076
910077
910078
910079
910080
910081
910082
910083
910084
910085
910086
910087
910088
910089
910090
910091
910092
910093
910094
910095
910096
910097
910098
910099
910100
910101
910102
910103
910104
910105
910106
910107
910108
910109
910110
910111
910112
910113
910114
910115
910116
910117
910118
910119
910120
910121
910122
910123
910124
910125
910126
910127
910128
910129
910130
910131
910132
910133
910134
910135
910136
910137
910138
910139
910140
910141
910142
910143
910144
910145
910146
910147
910148
910149
910150
910151
910152
910153
910154
910155
910156
910157
910158
910159
910160
910161
910162
910163
910164
910165
910166
910167
910168
910169
910170
910171
910172
910173
910174
910175
910176
910177
910178
910179
910180
910181
910182
910183
910184
910185
910186
910187
910188
910189
910190
910191
910192
910193
910194
910195
910196
910197
910198
910199
910200
910201
910202
910203
910204
910205
910206
910207
910208
910209
910210
910211
910212
910213
910214
910215
910216
910217
910218
910219
910220
910221
910222
910223
910224
910225
910226
910227
910228
910229
910230
910231
910232
910233
910234
910235
910236
910237
910238
910239
910240
910241
910242
910243
910244
910245
910246
910247
910248
910249
910250
910251
910252
910253
910254
910255
910256
910257
910258
910259
910260
910261
910262
910263
910264
910265
910266
910267
910268
910269
910270
910271
910272
910273
910274
910275
910276
910277
910278
910279
910280
910281
910282
910283
910284
910285
910286
910287
910288
910289
910290
910291
910292
910293
910294
910295
910296
910297
910298
910299
910300
910301
910302
910303
910304
910305
910306
910307
910308
910309
910310
910311
910312
910313
910314
910315
910316
910317
910318
910319
910320
910321
910322
910323
910324
910325
910326
910327
910328
910329
910330
910331
910332
910333
910334
910335
910336
910337
910338
910339
910340
910341
910342
910343
910344
910345
910346
910347
910348
910349
910350
910351
910352
910353
910354
910355
910356
910357
910358
910359
910360
910361
910362
910363
910364
910365
910366
910367
910368
910369
910370
910371
910372
910373
910374
910375
910376
910377
910378
910379
910380
910381
910382
910383
910384
910385
910386
910387
910388
910389
910390
910391
910392
910393
910394
910395
910396
910397
910398
910399
910400
910401
910402
910403
910404
910405
910406
910407
910408
910409
910410
910411
910412
910413
910414
910415
910416
910417
910418
910419
910420
910421
910422
910423
910424
910425
910426
910427
910428
910429
910430
910431
910432
910433
910434
910435
910436
910437
910438
910439
910440
910441
910442
910443
910444
910445
910446
910447
910448
910449
910450
910451
910452
910453
910454
910455
910456
910457
910458
910459
910460
910461
910462
910463
910464
910465
910466
910467
910468
910469
910470
910471
910472
910473
910474
910475
910476
910477
910478
910479
910480
910481
910482
910483
910484
910485
910486
910487
910488
910489
910490
910491
910492
910493
910494
910495
910496
910497
910498
910499
910500
910501
910502
910503
910504
910505
910506
910507
910508
910509
910510
910511
910512
910513
910514
910515
910516
910517
910518
910519
910520
910521
910522
910523
910524
910525
910526
910527
910528
910529
910530
910531
910532
910533
910534
910535
910536
910537
910538
910539
910540
910541
910542
910543
910544
910545
910546
910547
910548
910549
910550
910551
910552
910553
910554
910555
910556
910557
910558
910559
910560
910561
910562
910563
910564
910565
910566
910567
910568
910569
910570
910571
910572
910573
910574
910575
910576
910577
910578
910579
910580
910581
910582
910583
910584
910585
910586
910587
910588
910589
910590
910591
910592
910593
910594
910595
910596
910597
910598
910599
910600
910601
910602
910603
910604
910605
910606
910607
910608
910609
910610
910611
910612
910613
910614
910615
910616
910617
910618
910619
910620
910621
910622
910623
910624
910625
910626
910627
910628
910629
910630
910631
910632
910633
910634
910635
910636
910637
910638
910639
910640
910641
910642
910643
910644
910645
910646
910647
910648
910649
910650
910651
910652
910653
910654
910655
910656
910657
910658
910659
910660
910661
910662
910663
910664
910665
910666
910667
910668
910669
910670
910671
910672
910673
910674
910675
910676
910677
910678
910679
910680
910681
910682
910683
910684
910685
910686
910687
910688
910689
910690
910691
910692
910693
910694
910695
910696
910697
910698
910699
910700
910701
910702
910703
910704
910705
910706
910707
910708
910709
910710
910711
910712
910713
910714
910715
910716
910717
910718
910719
910720
910721
910722
910723
910724
910725
910726
910727
910728
910729
910730
910731
910732
910733
910734
910735
910736
910737
910738
910739
910740
910741
910742
910743
910744
910745
910746
910747
910748
910749
910750
910751
910752
910753
910754
910755
910756
910757
910758
910759
910760
910761
910762
910763
910764
910765
910766
910767
910768
910769
910770
910771
910772
910773
910774
910775
910776
910777
910778
910779
910780
910781
910782
910783
910784
910785
910786
910787
910788
910789
910790
910791
910792
910793
910794
910795
910796
910797
910798
910799
910800
910801
910802
910803
910804
910805
910806
910807
910808
910809
910810
910811
910812
910813
910814
910815
910816
910817
910818
910819
910820
910821
910822
910823
910824
910825
910826
910827
910828
910829
910830
910831
910832
910833
910834
910835
910836
910837
910838
910839
910840
910841
910842
910843
910844
910845
910846
910847
910848
910849
910850
910851
910852
910853
910854
910855
910856
910857
910858
910859
910860
910861
910862
910863
910864
910865
910866
910867
910868
910869
910870
910871
910872
910873
910874
910875
910876
910877
910878
910879
910880
910881
910882
910883
910884
910885
910886
910887
910888
910889
910890
910891
910892
910893
910894
910895
910896
910897
910898
910899
910900
910901
910902
910903
910904
910905
910906
910907
910908
910909
910910
910911
910912
910913
910914
910915
910916
910917
910918
910919
910920
910921
910922
910923
910924
910925
910926
910927
910928
910929
910930
910931
910932
910933
910934
910935
910936
910937
910938
910939
910940
910941
910942
910943
910944
910945
910946
910947
910948
910949
910950
910951
910952
910953
910954
910955
910956
910957
910958
910959
910960
910961
910962
910963
910964
910965
910966
910967
910968
910969
910970
910971
910972
910973
910974
910975
910976
910977
910978
910979
910980
910981
910982
910983
910984
910985
910986
910987
910988
910989
910990
910991
910992
910993
910994
910995
910996
910997
910998
910999
911000
