911001
911002
911003
911004
911005
911006
911007
911008
911009
911010
911011
911012
911013
911014
911015
911016
911017
911018
911019
911020
911021
911022
911023
911024
911025
911026
911027
911028
911029
911030
911031
911032
911033
911034
911035
911036
911037
911038
911039
911040
911041
911042
911043
911044
911045
911046
911047
911048
911049
911050
911051
911052
911053
911054
911055
911056
911057
911058
911059
911060
911061
911062
911063
911064
911065
911066
911067
911068
911069
911070
911071
911072
911073
911074
911075
911076
911077
911078
911079
911080
911081
911082
911083
911084
911085
911086
911087
911088
911089
911090
911091
911092
911093
911094
911095
911096
911097
911098
911099
911100
911101
911102
911103
911104
911105
911106
911107
911108
911109
911110
911111
911112
911113
911114
911115
911116
911117
911118
911119
911120
911121
911122
911123
911124
911125
911126
911127
911128
911129
911130
911131
911132
911133
911134
911135
911136
911137
911138
911139
911140
911141
911142
911143
911144
911145
911146
911147
911148
911149
911150
911151
911152
911153
911154
911155
911156
911157
911158
911159
911160
911161
911162
911163
911164
911165
911166
911167
911168
911169
911170
911171
911172
911173
911174
911175
911176
911177
911178
911179
911180
911181
911182
911183
911184
911185
911186
911187
911188
911189
911190
911191
911192
911193
911194
911195
911196
911197
911198
911199
911200
911201
911202
911203
911204
911205
911206
911207
911208
911209
911210
911211
911212
911213
911214
911215
911216
911217
911218
911219
911220
911221
911222
911223
911224
911225
911226
911227
911228
911229
911230
911231
911232
911233
911234
911235
911236
911237
911238
911239
911240
911241
911242
911243
911244
911245
911246
911247
911248
911249
911250
911251
911252
911253
911254
911255
911256
911257
911258
911259
911260
911261
911262
911263
911264
911265
911266
911267
911268
911269
911270
911271
911272
911273
911274
911275
911276
911277
911278
911279
911280
911281
911282
911283
911284
911285
911286
911287
911288
911289
911290
911291
911292
911293
911294
911295
911296
911297
911298
911299
911300
911301
911302
911303
911304
911305
911306
911307
911308
911309
911310
911311
911312
911313
911314
911315
911316
911317
911318
911319
911320
911321
911322
911323
911324
911325
911326
911327
911328
911329
911330
911331
911332
911333
911334
911335
911336
911337
911338
911339
911340
911341
911342
911343
911344
911345
911346
911347
911348
911349
911350
911351
911352
911353
911354
911355
911356
911357
911358
911359
911360
911361
911362
911363
911364
911365
911366
911367
911368
911369
911370
911371
911372
911373
911374
911375
911376
911377
911378
911379
911380
911381
911382
911383
911384
911385
911386
911387
911388
911389
911390
911391
911392
911393
911394
911395
911396
911397
911398
911399
911400
911401
911402
911403
911404
911405
911406
911407
911408
911409
911410
911411
911412
911413
911414
911415
911416
911417
911418
911419
911420
911421
911422
911423
911424
911425
911426
911427
911428
911429
911430
911431
911432
911433
911434
911435
911436
911437
911438
911439
911440
911441
911442
911443
911444
911445
911446
911447
911448
911449
911450
911451
911452
911453
911454
911455
911456
911457
911458
911459
911460
911461
911462
911463
911464
911465
911466
911467
911468
911469
911470
911471
911472
911473
911474
911475
911476
911477
911478
911479
911480
911481
911482
911483
911484
911485
911486
911487
911488
911489
911490
911491
911492
911493
911494
911495
911496
911497
911498
911499
911500
911501
911502
911503
911504
911505
911506
911507
911508
911509
911510
911511
911512
911513
911514
911515
911516
911517
911518
911519
911520
911521
911522
911523
911524
911525
911526
911527
911528
911529
911530
911531
911532
911533
911534
911535
911536
911537
911538
911539
911540
911541
911542
911543
911544
911545
911546
911547
911548
911549
911550
911551
911552
911553
911554
911555
911556
911557
911558
911559
911560
911561
911562
911563
911564
911565
911566
911567
911568
911569
911570
911571
911572
911573
911574
911575
911576
911577
911578
911579
911580
911581
911582
911583
911584
911585
911586
911587
911588
911589
911590
911591
911592
911593
911594
911595
911596
911597
911598
911599
911600
911601
911602
911603
911604
911605
911606
911607
911608
911609
911610
911611
911612
911613
911614
911615
911616
911617
911618
911619
911620
911621
911622
911623
911624
911625
911626
911627
911628
911629
911630
911631
911632
911633
911634
911635
911636
911637
911638
911639
911640
911641
911642
911643
911644
911645
911646
911647
911648
911649
911650
911651
911652
911653
911654
911655
911656
911657
911658
911659
911660
911661
911662
911663
911664
911665
911666
911667
911668
911669
911670
911671
911672
911673
911674
911675
911676
911677
911678
911679
911680
911681
911682
911683
911684
911685
911686
911687
911688
911689
911690
911691
911692
911693
911694
911695
911696
911697
911698
911699
911700
911701
911702
911703
911704
911705
911706
911707
911708
911709
911710
911711
911712
911713
911714
911715
911716
911717
911718
911719
911720
911721
911722
911723
911724
911725
911726
911727
911728
911729
911730
911731
911732
911733
911734
911735
911736
911737
911738
911739
911740
911741
911742
911743
911744
911745
911746
911747
911748
911749
911750
911751
911752
911753
911754
911755
911756
911757
911758
911759
911760
911761
911762
911763
911764
911765
911766
911767
911768
911769
911770
911771
911772
911773
911774
911775
911776
911777
911778
911779
911780
911781
911782
911783
911784
911785
911786
911787
911788
911789
911790
911791
911792
911793
911794
911795
911796
911797
911798
911799
911800
911801
911802
911803
911804
911805
911806
911807
911808
911809
911810
911811
911812
911813
911814
911815
911816
911817
911818
911819
911820
911821
911822
911823
911824
911825
911826
911827
911828
911829
911830
911831
911832
911833
911834
911835
911836
911837
911838
911839
911840
911841
911842
911843
911844
911845
911846
911847
911848
911849
911850
911851
911852
911853
911854
911855
911856
911857
911858
911859
911860
911861
911862
911863
911864
911865
911866
911867
911868
911869
911870
911871
911872
911873
911874
911875
911876
911877
911878
911879
911880
911881
911882
911883
911884
911885
911886
911887
911888
911889
911890
911891
911892
911893
911894
911895
911896
911897
911898
911899
911900
911901
911902
911903
911904
911905
911906
911907
911908
911909
911910
911911
911912
911913
911914
911915
911916
911917
911918
911919
911920
911921
911922
911923
911924
911925
911926
911927
911928
911929
911930
911931
911932
911933
911934
911935
911936
911937
911938
911939
911940
911941
911942
911943
911944
911945
911946
911947
911948
911949
911950
911951
911952
911953
911954
911955
911956
911957
911958
911959
911960
911961
911962
911963
911964
911965
911966
911967
911968
911969
911970
911971
911972
911973
911974
911975
911976
911977
911978
911979
911980
911981
911982
911983
911984
911985
911986
911987
911988
911989
911990
911991
911992
911993
911994
911995
911996
911997
911998
911999
912000
912001
912002
912003
912004
912005
912006
912007
912008
912009
912010
912011
912012
912013
912014
912015
912016
912017
912018
912019
912020
912021
912022
912023
912024
912025
912026
912027
912028
912029
912030
912031
912032
912033
912034
912035
912036
912037
912038
912039
912040
912041
912042
912043
912044
912045
912046
912047
912048
912049
912050
912051
912052
912053
912054
912055
912056
912057
912058
912059
912060
912061
912062
912063
912064
912065
912066
912067
912068
912069
912070
912071
912072
912073
912074
912075
912076
912077
912078
912079
912080
912081
912082
912083
912084
912085
912086
912087
912088
912089
912090
912091
912092
912093
912094
912095
912096
912097
912098
912099
912100
912101
912102
912103
912104
912105
912106
912107
912108
912109
912110
912111
912112
912113
912114
912115
912116
912117
912118
912119
912120
912121
912122
912123
912124
912125
912126
912127
912128
912129
912130
912131
912132
912133
912134
912135
912136
912137
912138
912139
912140
912141
912142
912143
912144
912145
912146
912147
912148
912149
912150
912151
912152
912153
912154
912155
912156
912157
912158
912159
912160
912161
912162
912163
912164
912165
912166
912167
912168
912169
912170
912171
912172
912173
912174
912175
912176
912177
912178
912179
912180
912181
912182
912183
912184
912185
912186
912187
912188
912189
912190
912191
912192
912193
912194
912195
912196
912197
912198
912199
912200
912201
912202
912203
912204
912205
912206
912207
912208
912209
912210
912211
912212
912213
912214
912215
912216
912217
912218
912219
912220
912221
912222
912223
912224
912225
912226
912227
912228
912229
912230
912231
912232
912233
912234
912235
912236
912237
912238
912239
912240
912241
912242
912243
912244
912245
912246
912247
912248
912249
912250
912251
912252
912253
912254
912255
912256
912257
912258
912259
912260
912261
912262
912263
912264
912265
912266
912267
912268
912269
912270
912271
912272
912273
912274
912275
912276
912277
912278
912279
912280
912281
912282
912283
912284
912285
912286
912287
912288
912289
912290
912291
912292
912293
912294
912295
912296
912297
912298
912299
912300
912301
912302
912303
912304
912305
912306
912307
912308
912309
912310
912311
912312
912313
912314
912315
912316
912317
912318
912319
912320
912321
912322
912323
912324
912325
912326
912327
912328
912329
912330
912331
912332
912333
912334
912335
912336
912337
912338
912339
912340
912341
912342
912343
912344
912345
912346
912347
912348
912349
912350
912351
912352
912353
912354
912355
912356
912357
912358
912359
912360
912361
912362
912363
912364
912365
912366
912367
912368
912369
912370
912371
912372
912373
912374
912375
912376
912377
912378
912379
912380
912381
912382
912383
912384
912385
912386
912387
912388
912389
912390
912391
912392
912393
912394
912395
912396
912397
912398
912399
912400
912401
912402
912403
912404
912405
912406
912407
912408
912409
912410
912411
912412
912413
912414
912415
912416
912417
912418
912419
912420
912421
912422
912423
912424
912425
912426
912427
912428
912429
912430
912431
912432
912433
912434
912435
912436
912437
912438
912439
912440
912441
912442
912443
912444
912445
912446
912447
912448
912449
912450
912451
912452
912453
912454
912455
912456
912457
912458
912459
912460
912461
912462
912463
912464
912465
912466
912467
912468
912469
912470
912471
912472
912473
912474
912475
912476
912477
912478
912479
912480
912481
912482
912483
912484
912485
912486
912487
912488
912489
912490
912491
912492
912493
912494
912495
912496
912497
912498
912499
912500
912501
912502
912503
912504
912505
912506
912507
912508
912509
912510
912511
912512
912513
912514
912515
912516
912517
912518
912519
912520
912521
912522
912523
912524
912525
912526
912527
912528
912529
912530
912531
912532
912533
912534
912535
912536
912537
912538
912539
912540
912541
912542
912543
912544
912545
912546
912547
912548
912549
912550
912551
912552
912553
912554
912555
912556
912557
912558
912559
912560
912561
912562
912563
912564
912565
912566
912567
912568
912569
912570
912571
912572
912573
912574
912575
912576
912577
912578
912579
912580
912581
912582
912583
912584
912585
912586
912587
912588
912589
912590
912591
912592
912593
912594
912595
912596
912597
912598
912599
912600
912601
912602
912603
912604
912605
912606
912607
912608
912609
912610
912611
912612
912613
912614
912615
912616
912617
912618
912619
912620
912621
912622
912623
912624
912625
912626
912627
912628
912629
912630
912631
912632
912633
912634
912635
912636
912637
912638
912639
912640
912641
912642
912643
912644
912645
912646
912647
912648
912649
912650
912651
912652
912653
912654
912655
912656
912657
912658
912659
912660
912661
912662
912663
912664
912665
912666
912667
912668
912669
912670
912671
912672
912673
912674
912675
912676
912677
912678
912679
912680
912681
912682
912683
912684
912685
912686
912687
912688
912689
912690
912691
912692
912693
912694
912695
912696
912697
912698
912699
912700
912701
912702
912703
912704
912705
912706
912707
912708
912709
912710
912711
912712
912713
912714
912715
912716
912717
912718
912719
912720
912721
912722
912723
912724
912725
912726
912727
912728
912729
912730
912731
912732
912733
912734
912735
912736
912737
912738
912739
912740
912741
912742
912743
912744
912745
912746
912747
912748
912749
912750
912751
912752
912753
912754
912755
912756
912757
912758
912759
912760
912761
912762
912763
912764
912765
912766
912767
912768
912769
912770
912771
912772
912773
912774
912775
912776
912777
912778
912779
912780
912781
912782
912783
912784
912785
912786
912787
912788
912789
912790
912791
912792
912793
912794
912795
912796
912797
912798
912799
912800
912801
912802
912803
912804
912805
912806
912807
912808
912809
912810
912811
912812
912813
912814
912815
912816
912817
912818
912819
912820
912821
912822
912823
912824
912825
912826
912827
912828
912829
912830
912831
912832
912833
912834
912835
912836
912837
912838
912839
912840
912841
912842
912843
912844
912845
912846
912847
912848
912849
912850
912851
912852
912853
912854
912855
912856
912857
912858
912859
912860
912861
912862
912863
912864
912865
912866
912867
912868
912869
912870
912871
912872
912873
912874
912875
912876
912877
912878
912879
912880
912881
912882
912883
912884
912885
912886
912887
912888
912889
912890
912891
912892
912893
912894
912895
912896
912897
912898
912899
912900
912901
912902
912903
912904
912905
912906
912907
912908
912909
912910
912911
912912
912913
912914
912915
912916
912917
912918
912919
912920
912921
912922
912923
912924
912925
912926
912927
912928
912929
912930
912931
912932
912933
912934
912935
912936
912937
912938
912939
912940
912941
912942
912943
912944
912945
912946
912947
912948
912949
912950
912951
912952
912953
912954
912955
912956
912957
912958
912959
912960
912961
912962
912963
912964
912965
912966
912967
912968
912969
912970
912971
912972
912973
912974
912975
912976
912977
912978
912979
912980
912981
912982
912983
912984
912985
912986
912987
912988
912989
912990
912991
912992
912993
912994
912995
912996
912997
912998
912999
913000
913001
913002
913003
913004
913005
913006
913007
913008
913009
913010
913011
913012
913013
913014
913015
913016
913017
913018
913019
913020
913021
913022
913023
913024
913025
913026
913027
913028
913029
913030
913031
913032
913033
913034
913035
913036
913037
913038
913039
913040
913041
913042
913043
913044
913045
913046
913047
913048
913049
913050
913051
913052
913053
913054
913055
913056
913057
913058
913059
913060
913061
913062
913063
913064
913065
913066
913067
913068
913069
913070
913071
913072
913073
913074
913075
913076
913077
913078
913079
913080
913081
913082
913083
913084
913085
913086
913087
913088
913089
913090
913091
913092
913093
913094
913095
913096
913097
913098
913099
913100
913101
913102
913103
913104
913105
913106
913107
913108
913109
913110
913111
913112
913113
913114
913115
913116
913117
913118
913119
913120
913121
913122
913123
913124
913125
913126
913127
913128
913129
913130
913131
913132
913133
913134
913135
913136
913137
913138
913139
913140
913141
913142
913143
913144
913145
913146
913147
913148
913149
913150
913151
913152
913153
913154
913155
913156
913157
913158
913159
913160
913161
913162
913163
913164
913165
913166
913167
913168
913169
913170
913171
913172
913173
913174
913175
913176
913177
913178
913179
913180
913181
913182
913183
913184
913185
913186
913187
913188
913189
913190
913191
913192
913193
913194
913195
913196
913197
913198
913199
913200
913201
913202
913203
913204
913205
913206
913207
913208
913209
913210
913211
913212
913213
913214
913215
913216
913217
913218
913219
913220
913221
913222
913223
913224
913225
913226
913227
913228
913229
913230
913231
913232
913233
913234
913235
913236
913237
913238
913239
913240
913241
913242
913243
913244
913245
913246
913247
913248
913249
913250
913251
913252
913253
913254
913255
913256
913257
913258
913259
913260
913261
913262
913263
913264
913265
913266
913267
913268
913269
913270
913271
913272
913273
913274
913275
913276
913277
913278
913279
913280
913281
913282
913283
913284
913285
913286
913287
913288
913289
913290
913291
913292
913293
913294
913295
913296
913297
913298
913299
913300
913301
913302
913303
913304
913305
913306
913307
913308
913309
913310
913311
913312
913313
913314
913315
913316
913317
913318
913319
913320
913321
913322
913323
913324
913325
913326
913327
913328
913329
913330
913331
913332
913333
913334
913335
913336
913337
913338
913339
913340
913341
913342
913343
913344
913345
913346
913347
913348
913349
913350
913351
913352
913353
913354
913355
913356
913357
913358
913359
913360
913361
913362
913363
913364
913365
913366
913367
913368
913369
913370
913371
913372
913373
913374
913375
913376
913377
913378
913379
913380
913381
913382
913383
913384
913385
913386
913387
913388
913389
913390
913391
913392
913393
913394
913395
913396
913397
913398
913399
913400
913401
913402
913403
913404
913405
913406
913407
913408
913409
913410
913411
913412
913413
913414
913415
913416
913417
913418
913419
913420
913421
913422
913423
913424
913425
913426
913427
913428
913429
913430
913431
913432
913433
913434
913435
913436
913437
913438
913439
913440
913441
913442
913443
913444
913445
913446
913447
913448
913449
913450
913451
913452
913453
913454
913455
913456
913457
913458
913459
913460
913461
913462
913463
913464
913465
913466
913467
913468
913469
913470
913471
913472
913473
913474
913475
913476
913477
913478
913479
913480
913481
913482
913483
913484
913485
913486
913487
913488
913489
913490
913491
913492
913493
913494
913495
913496
913497
913498
913499
913500
913501
913502
913503
913504
913505
913506
913507
913508
913509
913510
913511
913512
913513
913514
913515
913516
913517
913518
913519
913520
913521
913522
913523
913524
913525
913526
913527
913528
913529
913530
913531
913532
913533
913534
913535
913536
913537
913538
913539
913540
913541
913542
913543
913544
913545
913546
913547
913548
913549
913550
913551
913552
913553
913554
913555
913556
913557
913558
913559
913560
913561
913562
913563
913564
913565
913566
913567
913568
913569
913570
913571
913572
913573
913574
913575
913576
913577
913578
913579
913580
913581
913582
913583
913584
913585
913586
913587
913588
913589
913590
913591
913592
913593
913594
913595
913596
913597
913598
913599
913600
913601
913602
913603
913604
913605
913606
913607
913608
913609
913610
913611
913612
913613
913614
913615
913616
913617
913618
913619
913620
913621
913622
913623
913624
913625
913626
913627
913628
913629
913630
913631
913632
913633
913634
913635
913636
913637
913638
913639
913640
913641
913642
913643
913644
913645
913646
913647
913648
913649
913650
913651
913652
913653
913654
913655
913656
913657
913658
913659
913660
913661
913662
913663
913664
913665
913666
913667
913668
913669
913670
913671
913672
913673
913674
913675
913676
913677
913678
913679
913680
913681
913682
913683
913684
913685
913686
913687
913688
913689
913690
913691
913692
913693
913694
913695
913696
913697
913698
913699
913700
913701
913702
913703
913704
913705
913706
913707
913708
913709
913710
913711
913712
913713
913714
913715
913716
913717
913718
913719
913720
913721
913722
913723
913724
913725
913726
913727
913728
913729
913730
913731
913732
913733
913734
913735
913736
913737
913738
913739
913740
913741
913742
913743
913744
913745
913746
913747
913748
913749
913750
913751
913752
913753
913754
913755
913756
913757
913758
913759
913760
913761
913762
913763
913764
913765
913766
913767
913768
913769
913770
913771
913772
913773
913774
913775
913776
913777
913778
913779
913780
913781
913782
913783
913784
913785
913786
913787
913788
913789
913790
913791
913792
913793
913794
913795
913796
913797
913798
913799
913800
913801
913802
913803
913804
913805
913806
913807
913808
913809
913810
913811
913812
913813
913814
913815
913816
913817
913818
913819
913820
913821
913822
913823
913824
913825
913826
913827
913828
913829
913830
913831
913832
913833
913834
913835
913836
913837
913838
913839
913840
913841
913842
913843
913844
913845
913846
913847
913848
913849
913850
913851
913852
913853
913854
913855
913856
913857
913858
913859
913860
913861
913862
913863
913864
913865
913866
913867
913868
913869
913870
913871
913872
913873
913874
913875
913876
913877
913878
913879
913880
913881
913882
913883
913884
913885
913886
913887
913888
913889
913890
913891
913892
913893
913894
913895
913896
913897
913898
913899
913900
913901
913902
913903
913904
913905
913906
913907
913908
913909
913910
913911
913912
913913
913914
913915
913916
913917
913918
913919
913920
913921
913922
913923
913924
913925
913926
913927
913928
913929
913930
913931
913932
913933
913934
913935
913936
913937
913938
913939
913940
913941
913942
913943
913944
913945
913946
913947
913948
913949
913950
913951
913952
913953
913954
913955
913956
913957
913958
913959
913960
913961
913962
913963
913964
913965
913966
913967
913968
913969
913970
913971
913972
913973
913974
913975
913976
913977
913978
913979
913980
913981
913982
913983
913984
913985
913986
913987
913988
913989
913990
913991
913992
913993
913994
913995
913996
913997
913998
913999
914000
914001
914002
914003
914004
914005
914006
914007
914008
914009
914010
914011
914012
914013
914014
914015
914016
914017
914018
914019
914020
914021
914022
914023
914024
914025
914026
914027
914028
914029
914030
914031
914032
914033
914034
914035
914036
914037
914038
914039
914040
914041
914042
914043
914044
914045
914046
914047
914048
914049
914050
914051
914052
914053
914054
914055
914056
914057
914058
914059
914060
914061
914062
914063
914064
914065
914066
914067
914068
914069
914070
914071
914072
914073
914074
914075
914076
914077
914078
914079
914080
914081
914082
914083
914084
914085
914086
914087
914088
914089
914090
914091
914092
914093
914094
914095
914096
914097
914098
914099
914100
914101
914102
914103
914104
914105
914106
914107
914108
914109
914110
914111
914112
914113
914114
914115
914116
914117
914118
914119
914120
914121
914122
914123
914124
914125
914126
914127
914128
914129
914130
914131
914132
914133
914134
914135
914136
914137
914138
914139
914140
914141
914142
914143
914144
914145
914146
914147
914148
914149
914150
914151
914152
914153
914154
914155
914156
914157
914158
914159
914160
914161
914162
914163
914164
914165
914166
914167
914168
914169
914170
914171
914172
914173
914174
914175
914176
914177
914178
914179
914180
914181
914182
914183
914184
914185
914186
914187
914188
914189
914190
914191
914192
914193
914194
914195
914196
914197
914198
914199
914200
914201
914202
914203
914204
914205
914206
914207
914208
914209
914210
914211
914212
914213
914214
914215
914216
914217
914218
914219
914220
914221
914222
914223
914224
914225
914226
914227
914228
914229
914230
914231
914232
914233
914234
914235
914236
914237
914238
914239
914240
914241
914242
914243
914244
914245
914246
914247
914248
914249
914250
914251
914252
914253
914254
914255
914256
914257
914258
914259
914260
914261
914262
914263
914264
914265
914266
914267
914268
914269
914270
914271
914272
914273
914274
914275
914276
914277
914278
914279
914280
914281
914282
914283
914284
914285
914286
914287
914288
914289
914290
914291
914292
914293
914294
914295
914296
914297
914298
914299
914300
914301
914302
914303
914304
914305
914306
914307
914308
914309
914310
914311
914312
914313
914314
914315
914316
914317
914318
914319
914320
914321
914322
914323
914324
914325
914326
914327
914328
914329
914330
914331
914332
914333
914334
914335
914336
914337
914338
914339
914340
914341
914342
914343
914344
914345
914346
914347
914348
914349
914350
914351
914352
914353
914354
914355
914356
914357
914358
914359
914360
914361
914362
914363
914364
914365
914366
914367
914368
914369
914370
914371
914372
914373
914374
914375
914376
914377
914378
914379
914380
914381
914382
914383
914384
914385
914386
914387
914388
914389
914390
914391
914392
914393
914394
914395
914396
914397
914398
914399
914400
914401
914402
914403
914404
914405
914406
914407
914408
914409
914410
914411
914412
914413
914414
914415
914416
914417
914418
914419
914420
914421
914422
914423
914424
914425
914426
914427
914428
914429
914430
914431
914432
914433
914434
914435
914436
914437
914438
914439
914440
914441
914442
914443
914444
914445
914446
914447
914448
914449
914450
914451
914452
914453
914454
914455
914456
914457
914458
914459
914460
914461
914462
914463
914464
914465
914466
914467
914468
914469
914470
914471
914472
914473
914474
914475
914476
914477
914478
914479
914480
914481
914482
914483
914484
914485
914486
914487
914488
914489
914490
914491
914492
914493
914494
914495
914496
914497
914498
914499
914500
914501
914502
914503
914504
914505
914506
914507
914508
914509
914510
914511
914512
914513
914514
914515
914516
914517
914518
914519
914520
914521
914522
914523
914524
914525
914526
914527
914528
914529
914530
914531
914532
914533
914534
914535
914536
914537
914538
914539
914540
914541
914542
914543
914544
914545
914546
914547
914548
914549
914550
914551
914552
914553
914554
914555
914556
914557
914558
914559
914560
914561
914562
914563
914564
914565
914566
914567
914568
914569
914570
914571
914572
914573
914574
914575
914576
914577
914578
914579
914580
914581
914582
914583
914584
914585
914586
914587
914588
914589
914590
914591
914592
914593
914594
914595
914596
914597
914598
914599
914600
914601
914602
914603
914604
914605
914606
914607
914608
914609
914610
914611
914612
914613
914614
914615
914616
914617
914618
914619
914620
914621
914622
914623
914624
914625
914626
914627
914628
914629
914630
914631
914632
914633
914634
914635
914636
914637
914638
914639
914640
914641
914642
914643
914644
914645
914646
914647
914648
914649
914650
914651
914652
914653
914654
914655
914656
914657
914658
914659
914660
914661
914662
914663
914664
914665
914666
914667
914668
914669
914670
914671
914672
914673
914674
914675
914676
914677
914678
914679
914680
914681
914682
914683
914684
914685
914686
914687
914688
914689
914690
914691
914692
914693
914694
914695
914696
914697
914698
914699
914700
914701
914702
914703
914704
914705
914706
914707
914708
914709
914710
914711
914712
914713
914714
914715
914716
914717
914718
914719
914720
914721
914722
914723
914724
914725
914726
914727
914728
914729
914730
914731
914732
914733
914734
914735
914736
914737
914738
914739
914740
914741
914742
914743
914744
914745
914746
914747
914748
914749
914750
914751
914752
914753
914754
914755
914756
914757
914758
914759
914760
914761
914762
914763
914764
914765
914766
914767
914768
914769
914770
914771
914772
914773
914774
914775
914776
914777
914778
914779
914780
914781
914782
914783
914784
914785
914786
914787
914788
914789
914790
914791
914792
914793
914794
914795
914796
914797
914798
914799
914800
914801
914802
914803
914804
914805
914806
914807
914808
914809
914810
914811
914812
914813
914814
914815
914816
914817
914818
914819
914820
914821
914822
914823
914824
914825
914826
914827
914828
914829
914830
914831
914832
914833
914834
914835
914836
914837
914838
914839
914840
914841
914842
914843
914844
914845
914846
914847
914848
914849
914850
914851
914852
914853
914854
914855
914856
914857
914858
914859
914860
914861
914862
914863
914864
914865
914866
914867
914868
914869
914870
914871
914872
914873
914874
914875
914876
914877
914878
914879
914880
914881
914882
914883
914884
914885
914886
914887
914888
914889
914890
914891
914892
914893
914894
914895
914896
914897
914898
914899
914900
914901
914902
914903
914904
914905
914906
914907
914908
914909
914910
914911
914912
914913
914914
914915
914916
914917
914918
914919
914920
914921
914922
914923
914924
914925
914926
914927
914928
914929
914930
914931
914932
914933
914934
914935
914936
914937
914938
914939
914940
914941
914942
914943
914944
914945
914946
914947
914948
914949
914950
914951
914952
914953
914954
914955
914956
914957
914958
914959
914960
914961
914962
914963
914964
914965
914966
914967
914968
914969
914970
914971
914972
914973
914974
914975
914976
914977
914978
914979
914980
914981
914982
914983
914984
914985
914986
914987
914988
914989
914990
914991
914992
914993
914994
914995
914996
914997
914998
914999
915000
